Locus,Name,Chrom,Start,End,Length,Reads,DistinctSequences,FracTop,Strand,MajorRNA,MajorRNAReads,Short,Long,21,22,23,24,DicerCall,MIRNA,known_miRNAs,given_miRNA_name,SharedSequence,Notes
Porites_evermani_scaffold_1:1404250-1404342,Cluster_29,Porites_evermani_scaffold_1,1404250,1404342,93,9574,313,0.001880091916,-,UUAUGCUCUGUAUACUGGUAGU,2849,3870,80,468,4427,685,44,N,Y,NA,peve-mir-novel-1,NA,NA
Porites_evermani_scaffold_16:383386-383478,Cluster_578,Porites_evermani_scaffold_16,383386,383478,93,4060,194,0,-,UUAAGGGCCUGGGAGAGAGAAG,1239,1297,46,158,1819,699,41,N,Y,NA,peve-mir-novel-2,NA,NA
Porites_evermani_scaffold_26:382550-382645,Cluster_786,Porites_evermani_scaffold_26,382550,382645,96,93348,537,2.14E-05,-,UCUCAGCUCACCAAUCUCUGCU,55070,3610,1891,2578,71538,12756,975,22,Y,NA,peve-mir-novel-3,NA,NA
Porites_evermani_scaffold_47:475972-476066,Cluster_1125,Porites_evermani_scaffold_47,475972,476066,95,3061,140,0.000326690624,-,UAAUUAUAUCAGAAGGAAGAAGA,1119,334,114,218,268,1384,743,23,Y,NA,peve-mir-novel-4,NA,NA
Porites_evermani_scaffold_49:151587-151681,Cluster_1153,Porites_evermani_scaffold_49,151587,151681,95,267836,483,0,-,UCCCGUAGAUCCGAACUUGU,173986,216104,92,14714,35566,1169,191,N,Y,ami-nve-F-miR-100-5p_Acropora_millepora_Praher_et_al._2021_NA;Adi-Mir-100_5p_Acropora_digitifera_Gajigan_&_Conaco_2017_mir-100;_spi-miR-temp-1;adi-nve-F-miR-100_Acropora_digitifera__Praher_et_al._2021_NA,peve-mir-100,apul-mir-100; pmea-mir-100,NA
Porites_evermani_scaffold_138:127944-128038,Cluster_2770,Porites_evermani_scaffold_138,127944,128038,95,3344,133,1, + ,UCACUGAAGCCGUCUAUCUUGAU,924,878,108,125,887,1116,230,N,Y,NA,peve-mir-novel-4,NA,NA
Porites_evermani_scaffold_145:5384-5473,Cluster_2837,Porites_evermani_scaffold_145,5384,5473,90,455,49,0.8505494505, + ,UCUAAAUCCGGAUUUCCCAAUCG,63,79,8,118,100,134,16,23,Y,NA,peve-mir-novel-5,NA,NA
Porites_evermani_scaffold_148:94531-94624,Cluster_2871,Porites_evermani_scaffold_148,94531,94624,94,7981,155,0,-,UAAUUGUCCUUUAGUGUUUGU,5087,481,8,6125,241,968,158,21,Y,NA,peve-mir-novel-6,NA,NA
Porites_evermani_scaffold_253:200943-201039,Cluster_4063,Porites_evermani_scaffold_253,200943,201039,97,44919,609,0.9996883279, + ,UAGAAAACUCGUGUACGUGACCCU,6501,15379,2459,1384,8810,6454,10433,N,Y,NA,peve-mir-novel-7,NA,NA
Porites_evermani_scaffold_253:202235-202327,Cluster_4064,Porites_evermani_scaffold_253,202235,202327,93,62077,551,0.9997583646, + ,UAAAAAACUCGUCGACGUGA,17855,48012,477,3646,7017,1001,1924,N,Y,NA,peve-mir-novel-8,NA,NA
Porites_evermani_scaffold_257:110308-110402,Cluster_4097,Porites_evermani_scaffold_257,110308,110402,95,20983,515,0,-,AAGCACAACAUUAAUAGGAGU,8549,2893,133,11313,2394,3473,777,21,Y,NA,peve-mir-novel-9,NA,NA
Porites_evermani_scaffold_316:88415-88506,Cluster_4617,Porites_evermani_scaffold_316,88415,88506,92,1450,72,0,-,UCCCCGCCAGGAAUUCUUGUAUU,468,169,19,106,552,590,14,23,Y,NA,peve-mir-novel-10,NA,NA
Porites_evermani_scaffold_334:153554-153646,Cluster_4722,Porites_evermani_scaffold_334,153554,153646,93,1061,119,0.06503298775,-,UGCAGGUACAGUUAUAAGGU,75,500,3,196,266,90,6,N,Y,NA,peve-mir-novel-11,NA,NA
Porites_evermani_scaffold_430:205865-205960,Cluster_5540,Porites_evermani_scaffold_430,205865,205960,96,2539,137,0,-,UAUAUUGUACGACUCUCAUC,600,1259,46,46,107,480,601,N,Y,spi-mir-temp-30_Stylophora_pistillata_Liew_et_al._2014_Close_match_of_nve-miR-2036.;spi-nve-F-miR-2036_Stylophora_pistillata_Praher_et_al._2021_NA;ami-nve-F-miR-2036-3p_Acropora_millepora_Praher_et_al._2021_NA;Adi-Mir-2036_3p_Acropora_digitifera_Gajigan_&_Conaco_2017_nve-miR-2036-3p;_nve-miR-2036-3p;_spi-miR-temp-30;eca-nve-F-miR-2036_Edwardsiella_carnea_Praher_et_al._2021_Transcriptome-level,peve-mir-2036,apul-mir-2036; pmea-mir-2036,NA
Porites_evermani_scaffold_442:239713-239804,Cluster_5636,Porites_evermani_scaffold_442,239713,239804,92,247,39,0.04858299595,-,UAUGGAGAUCGAGGAUGGCAUU,141,23,22,31,163,6,2,22,Y,NA,peve-mir-novel-12,NA,NA
Porites_evermani_scaffold_461:215454-215549,Cluster_5849,Porites_evermani_scaffold_461,215454,215549,96,1340,81,1, + ,CGGUUCUUGUAUGCUGUUCUAAU,605,379,46,26,176,680,33,N,Y,NA,peve-mir-novel-13,NA,NA
Porites_evermani_scaffold_502:58948-59038,Cluster_6211,Porites_evermani_scaffold_502,58948,59038,91,554,39,0,-,UAGCAUAACAUUGUAAG,345,391,2,16,42,103,0,N,Y,ami-nve-F-miR-2030-5p_Acropora_millepora_Praher_et_al._2021_NA;Adi-Mir-2030_5p_Acropora_digitifera_Gajigan_&_Conaco_2017_nve-miR-2030-5p;_nve-miR-2030-5p;_spi-miR-temp-40;adi-nve-F-miR-2030_Acropora_digitifera__Praher_et_al._2021_NA;spi-mir-temp-40_Stylophora_pistillata_Liew_et_al._2014_Close_match_of_nve-miR-2030;eca-nve-F-miR-2030_Edwardsiella_carnea_Praher_et_al._2021_Transcriptome-level;miR-2030_Nematostella_vectensis_Moran_et_al._2014_NA,peve-mir-2030,apul-mir-2030,NA
Porites_evermani_scaffold_590:199106-199199,Cluster_6865,Porites_evermani_scaffold_590,199106,199199,94,2922,132,1, + ,UCACGAAUGGCUAGCGCACGAUU,955,684,18,127,957,1120,16,N,Y,NA,peve-mir-novel-14a,NA,Same sequence as apul-mir-novel-14b
Porites_evermani_scaffold_590:199370-199465,Cluster_6866,Porites_evermani_scaffold_590,199370,199465,96,1392,86,1, + ,UCACGAAUGGCUAGCGCACGAUU,463,338,0,74,279,642,59,N,Y,NA,peve-mir-novel-14b,NA,Same sequence as apul-mir-novel-14a
Porites_evermani_scaffold_590:199803-199896,Cluster_6867,Porites_evermani_scaffold_590,199803,199896,94,2865,134,1, + ,UCACGAAUGGCUAGUGCACGAUU,1102,489,1,213,822,1309,31,23,Y,NA,peve-mir-novel-15,NA,NA
Porites_evermani_scaffold_594:158176-158270,Cluster_6875,Porites_evermani_scaffold_594,158176,158270,95,44621,367,1, + ,AAAGAAGUACAAGUGGUAGGG,12472,24242,0,16334,3821,216,8,N,Y,nve-miR-2023-3p;spi-mir-temp-4_Stylophora_pistillata_Liew_et_al._2014_Exact_match_of_nve-miR-2023.;apa-mir-2023_Exaiptasia_pallida_Baumgarten_et_al._2017_miR-2023;_Nve;_Spis;_Adi;mse-nve-F-miR-2023_Metridium_senile_Praher_et_al._2021_Transcriptome-level;sca-nve-miR-2023-3p_Scolanthus_callimorphus_Praher_et_al._2021_Transcriptome-level;eca-nve-F-miR-2023_Edwardsiella_carnea_Praher_et_al._2021_Transcriptome-level;ami-nve-F-miR-2023-3p_Acropora_millepora_Praher_et_al._2021_NA;Adi-Mir-2023_3p_Acropora_digitifera_Gajigan_&_Conaco_2017_nve-miR-2023-3p;_nve-miR-2023-3p;_spi-miR-temp-4;epa-nve-F-miR-2023_Exaiptasia_pallida_Praher_et_al._2021_NA;miR-2023_Nematostella_vectensis_Moran_et_al._2014_NA;spi-nve-F-miR-2023_Stylophora_pistillata_Praher_et_al._2021_NA;avi-miR-temp-2023_Anemonia_viridis_Urbarova_et_al._2018_NA,peve-mir-2023,apul-mir-2023; pmea-mir-2023,NA
Porites_evermani_scaffold_613:156453-156546,Cluster_7013,Porites_evermani_scaffold_613,156453,156546,94,5980,96,1, + ,UUCCUAAGUUGUUGUAGCUGUU,3276,662,19,447,4484,368,0,22,Y,NA,peve-mir-novel-16,NA,NA
Porites_evermani_scaffold_730:81363-81456,Cluster_7604,Porites_evermani_scaffold_730,81363,81456,94,2896,177,0,-,UGUUAGUUUACAGUUAGUGUUU,642,421,149,669,746,582,329,22,Y,NA,peve-mir-novel-17a,NA,Same sequence as apul-mir-novel-17b
Porites_evermani_scaffold_730:82401-82494,Cluster_7605,Porites_evermani_scaffold_730,82401,82494,94,1393,116,0.001435750179,-,UGUUAGUUUACAGUUAGUGUUU,306,177,43,375,361,298,139,21,Y,NA,peve-mir-novel-17b,NA,Same sequence as apul-mir-novel-17a
Porites_evermani_scaffold_768:137973-138066,Cluster_7804,Porites_evermani_scaffold_768,137973,138066,94,353,48,1, + ,UUUUUCGUGUGCUUAUGCUUAU,115,80,0,14,214,37,8,N,Y,NA,peve-mir-novel-18,NA,NA
Porites_evermani_scaffold_866:22803-22895,Cluster_8571,Porites_evermani_scaffold_866,22803,22895,93,405,47,0,-,UAUUUCAAACGUCGCGUAACCU,199,79,6,27,251,37,5,N,Y,NA,peve-mir-novel-19,NA,NA
Porites_evermani_scaffold_910:99233-99322,Cluster_8824,Porites_evermani_scaffold_910,99233,99322,90,35774,360,0.975904288, + ,CAAUGUUUCGGCUUGUUCCCA,13239,18118,120,16643,692,172,29,N,Y,adi-miR-P-novel-6-3p_Acropora_digitifera__Praher_et_al._2021_NA,peve-mir-novel-20,pmea-mir-novel-20,NA
Porites_evermani_scaffold_910:118720-118809,Cluster_8827,Porites_evermani_scaffold_910,118720,118809,90,67602,203,0.9438774001, + ,CAAUGUUUCGGCUUGUUCCCG,59939,3630,66,62975,410,506,15,21,Y,adi-miR-P-novel-6-3p_Acropora_digitifera__Praher_et_al._2021_NA;spi-mir-temp-14_Stylophora_pistillata_Liew_et_al._2014_NA;ami-spi-miR-L-temp-14-5p_Acropora_millepora_Praher_et_al._2021_NA,peve-mir-novel-21,NA,NA
Porites_evermani_scaffold_910:139331-139420,Cluster_8828,Porites_evermani_scaffold_910,139331,139420,90,21095,215,0.977340602, + ,AAAUGUUUCGGCUUGUUCCC,9491,19225,4,1689,108,57,12,N,Y,ami-spi-miR-L-temp-14-5p_Acropora_millepora_Praher_et_al._2021_NA,peve-mir-novel-22,NA,NA
Porites_evermani_scaffold_942:133648-133739,Cluster_8920,Porites_evermani_scaffold_942,133648,133739,92,32178,505,1, + ,UAGGUAACUCUGUUAGUUUGUUU,8153,7670,302,3095,5335,10466,5310,N,Y,NA,peve-mir-novel-23,NA,NA
Porites_evermani_scaffold_984:51832-51924,Cluster_9077,Porites_evermani_scaffold_984,51832,51924,93,191,25,0,-,UCUGAGCCUGUAGCCCAUUU,45,59,28,7,57,34,6,N,Y,NA,peve-mir-novel-24,NA,NA
Porites_evermani_scaffold_1128:125526-125618,Cluster_9915,Porites_evermani_scaffold_1128,125526,125618,93,2705,97,0.001478743068,-,CAUGUGUUAAUUUGGACGAUU,1459,798,0,1727,157,20,3,N,Y,NA,peve-mir-novel-25,NA,NA
Porites_evermani_scaffold_1159:6653-6743,Cluster_9991,Porites_evermani_scaffold_1159,6653,6743,91,12685,257,0.9926685061, + ,UGAGGUAAUUGUUGUUUAAAACU,2958,2219,44,1348,1785,7260,29,23,Y,NA,peve-mir-novel-26,NA,NA
Porites_evermani_scaffold_1159:7406-7500,Cluster_9992,Porites_evermani_scaffold_1159,7406,7500,95,6497,250,1, + ,UAAGGUUGUUGUUGCUUAAAACU,1471,485,79,1337,347,4011,238,23,Y,NA,peve-mir-novel-27,NA,NA
Porites_evermani_scaffold_1415:72049-72142,Cluster_10850,Porites_evermani_scaffold_1415,72049,72142,94,732,71,1, + ,ACAGGUGAAUGUUGUGUGAUCGCU,224,153,21,75,53,168,262,N,Y,NA,peve-mir-novel-28,NA,NA
Porites_evermani_scaffold_1429:47235-47326,Cluster_10882,Porites_evermani_scaffold_1429,47235,47326,92,13224,205,0,-,UGCAUCACUAAAAUUUCUCAAU,6555,4484,5,227,7951,495,62,N,Y,NA,peve-mir-novel-29,NA,NA
Porites_evermani_scaffold_1503:47558-47651,Cluster_11045,Porites_evermani_scaffold_1503,47558,47651,94,54744,235,1, + ,UCAAGUCUAGGCUGGUUAGUUU,43003,1714,36,2952,48769,1092,181,22,Y,spi-mir-temp-15_Stylophora_pistillata_Liew_et_al._2014_NA;spi-miR-L-temp-15_Stylophora_pistillata_Praher_et_al._2021_NA,peve-mir-novel-30,NA,NA
Porites_evermani_scaffold_1503:47749-47842,Cluster_11046,Porites_evermani_scaffold_1503,47749,47842,94,208017,404,1, + ,UCAGGUCUAGGCUGGUUAGUUU,151883,8155,251,19578,172561,6956,516,22,Y,NA,peve-mir-novel-31,NA,NA
Porites_evermani_scaffold_1732:76482-76574,Cluster_11890,Porites_evermani_scaffold_1732,76482,76574,93,1108,120,0.9972924188, + ,UUAUGCAGAAAGUAAUAGUUCA,171,262,101,279,335,96,35,N,Y,NA,peve-mir-novel-32,NA,NA
Porites_evermani_scaffold_2595:68540-68632,Cluster_14130,Porites_evermani_scaffold_2595,68540,68632,93,154,19,0.01298701299,-,UCUGAGUCAAUAGCCCAUUCUG,112,0,27,1,125,1,0,22,Y,NA,peve-mir-novel-33,NA,NA
Porites_evermani_scaffold_2738:56836-56926,Cluster_14362,Porites_evermani_scaffold_2738,56836,56926,91,189,33,1, + ,UUUCUCUAAUCUCUAUGG,56,86,1,27,51,11,13,N,Y,NA,peve-mir-novel-34,NA,NA
Porites_evermani_scaffold_3072:29428-29521,Cluster_14865,Porites_evermani_scaffold_3072,29428,29521,94,588,33,1, + ,AUUUUUAGCCCGCGGAAGUUGC,317,18,0,26,498,46,0,22,Y,ami-nve-F-miR-2025-3p_Acropora_millepora_Praher_et_al._2021_NA;Adi-Mir-2025_3p_Acropora_digitifera_Gajigan_&_Conaco_2017_nve-miR-2025-3p;_nve-miR-2025-3p;adi-nve-F-miR-2025_Acropora_digitifera__Praher_et_al._2021_NA,peve-mir-2025,apul-mir-2025; pmea-mir-2025,NA
Porites_evermani_scaffold_3707:36102-36199,Cluster_15601,Porites_evermani_scaffold_3707,36102,36199,98,1730,68,0,-,UUGAACACUGAAACCCUGU,608,968,7,96,576,33,50,N,Y,NA,peve-mir-novel-35,NA,NA
Porites_evermani_scaffold_3893:3797-3890,Cluster_15760,Porites_evermani_scaffold_3893,3797,3890,94,1787,140,0.1152770006,-,UUAAGAAUAUCAGUGAUAGGGA,429,375,0,404,574,358,76,N,Y,NA,peve-mir-novel-36,NA,NA
Porites_evermani_scaffold_4805:3236-3327,Cluster_16267,Porites_evermani_scaffold_4805,3236,3327,92,156,23,0,-,GGCGUUUUUAGGGGAGCUCGUU,35,3,1,30,76,43,3,22,Y,NA,peve-mir-novel-37,NA,NA
Porites_evermani_scaffold_5010:12339-12433,Cluster_16348,Porites_evermani_scaffold_5010,12339,12433,95,2367,136,0.9949302915, + ,UUAUAUUAUAGACUUUCCUUGU,733,599,1,589,995,138,45,N,Y,NA,peve-mir-novel-38,NA,NA